mm

066666, 666 61 (1661116, 66661616616116-
ing 61 11666161, 16. 1066, 11. 161.

066666 (0666661, or 0666666), 6661 1166
6166661666, 1616, hir 66616,

0666666, 666 61066116, 666 161166 61 1166-
661611. 4.

0666666,161166 61111116, 1. 141.

0116166616 6161666666 (6106661166) 61611666
66. 66611666, 6666666666ψῇ
116, 666.

06161666, 66666661066661 1 6. 6.

01161166, daughter 61 mma, 6661 61
mmuh 16666166, 11. 6661661611.

0661666166 (06661666),11666116) destroyed,
1604.

0666 8660611661.

0661616666, 1116666116666 there, Ι. 614.

cumanus, 666 61116166, 6116 6611666 61 Beli,
1. 666.

066616611666660616161666666111166-
bert, 1. 240,1111 1116011110, Amul,
”0ssssOE hh! 0081119241·

0661161, 66161166 by 11661666 Am. 101, 616,
IL 1611,66,161166666,16,06161616
gunter by 1666616666 16 11616666 66.
146, 80, 1611111161οΕ(1861,91, 1111001111,
666 611166 king, 160.

0666666666,6166666661066166,Π.11.

0661666161, modern 66666 61 1166666666,
111.

0166166, a 666661 61 S. 1116166611, 1. 666.

061166 (0666), brother 61 066116, Ι. 66,
6666166666, 666, 661, 11 6.

061166, 161166 61 ceolwlf, 666 666 610616-
616, 1 666.

0611111616, brother 61 01663116, grandfather
61166, Ι. 110.

(1616161, father 6161666666, 1. 166.

cuthbert, 0.,1161666 61 1166161666, 1. 666 ,
66666166166616611661166 06611616,
666, 666, 16 66666166, 616, 11661666
66661616 him to 66616616 61661661 luxury,
he 6666166666 6 6666611 16611161 6666666,
666, ceolwlf 166166 6666 666, 666,
0666161 6666 preserved in 1616 shrine 61
11666666, 111, 666666 1166 66666616αῆ666
61 cuthred 6661166666661166,Π.10,11,

166

0661161661, 8.-6661.

,1166 1161616616 61 11666666 66166ς66 16
gratitudo 16 1166, 11.

06111666, daughter 61 166, 6116 61 611616,
6666 61 11661166, 611666 61 1116616666,
6666 , 61. 66.

061169161661166 6111166611, 1. 101.

0611666, 66666666 1116 brother 1111161666
66116361 1166166, 6166661666 16 years,
1. 111, 111, 11. 14, 1616 6661161 with
1111611616 61 1166616111 11666616661110,
116 death, 140.

06116666 661666 king 61 Κ661 by 1611661616,
Ia 303) Hs 24«

cuthred, 666 61 11666666666616 66 661666,
66666666 by 66666 61 0.- 06111661 666
66666 111613, Π. 10,11.

06166116, brother 6106661166, Ι. 66.

0611161616, 666 61 1661166616, 666 111166 61
0611161166.

Cymen, 666 61 11116, 1. 10, 14.
Cymaeum,- 1. 20.

D.

11661, Π. 18. 86611661.

6666 (remark), 1. 666, 666, 661, 666,
6666

116666 (Dure), 166 soors 666 06661161 mh
6111 16 1116616166 there, 11. 66.

1163611661, king 61 0661, 66661666 6661161
6111161666,Ι.167.

Dalmatius, 66611) charlemrgne 16 166
English 1616166661. 146.

11666616, 6161161666 hy Edward 1166 066166-
ror, ΙΙ. 666, 666.

11666666616166166666661166), IL 1611, 115,
160.

1166666, 6 5661616 mountain, I. 16.

Dani (6166 Β661),16 Nerthumbrh, 6161,
156, 1616666166) Englrnd 166. 191,
166, 16666616 116 6166661666 61 Herceum
666 1666616116, Aa). 660, 604 , lnywto
Sheppey, defeat 11616661, 1616 with 116
116166,666661661166661.6. 6666601,
16616 16666166 6 punishment 6166116661
6166, 611, 611, their incursione in 1166

61

 

